4793
886
6309
2549
9897
6001
1410
3222
2727
2456
8727
5955
2580
4125
5472
5416
1871
1850
6993
5292
1351
2672
3435
3847
5964
4869
4460
3434
9016
9101
3816
7855
2341
4348
8132
789
2434
9293
5230
6509
2671
1886
2552
8942
1948
2061
1685
2284
1972
7742
2927
6023
7852
7336
6842
6771
5051
9381
8948
1202
1109
376
1558
3685
7301
3013
7470
3373
1096
3835
6737
6384
8410
2848
4402
1244
6052
6312
99
8098
1516
2331
6585
3055
7778
1927
6660
7604
1646
8474
1721
9510
2096
1276
8243
8661
6658
8775
5608
5198
2391
6524
2152
3187
1893
4754
5252
8425
4559
64
8146
4604
1215
5410
6018
6932
1349
384
2226
3474
7327
1445
6719
4802
4939
8714
5632
9371
59
676
5360
6395
6266
26
7115
1116
8768
7762
7974
4863
1480
8514
5939
2883
1500
9600
8880
8414
8026
558
1739
773
5970
6341
1616
9934
1859
8917
8966
3306
3377
9592
493
2776
7690
5006
592
895
7411
3101
2673
7232
2050
1077
223
2620
7767
2453
1768
8107
5152
1393
407
3527
8154
6531
4667
9866
6046
1826
837
8466
6217
8750
6970
1982
1175
7636
9478
6147
183
9037
7405
3598
295
5363
4075
9759
4742
2111
8556
3318
2667
6150
6686
1047
2134
5026
9130
7391
8772
9694
5876
2255
8224
6344
5235
9391
2649
7400
7408
8143
6791
4895
3634
6652
8225
7706
6366
2851
6595
3086
6679
7600
7497
6075
148
521
9640
3215
2909
2519
1882
1748
7793
8001
7358
130
3664
2242
1503
570
8660
958
477
7771
7913
3065
6837
7571
9832
1523
3231
3692
8562
7238
9814
6677
353
4036
8018
9018
1136
9665
9062
7905
3580
8477
529
9631
204
6987
7735
5663
2652
33
9627
5949
2961
8322
9076
8900
5224
7054
2797
5125
5408
2950
3328
5860
6669
7359
6944
4369
311
6670
8657
6951
5025
5904
3756
5175
5619
7563
1
6367
9763
1711
6225
8799
3780
2757
4776
2452
3985
238
6900
725
9858
2139
5681
5919
9950
1293
4116
3687
4988
2486
8885
7937
7154
3387
8475
5749
6659
7837
4537
8165
2202
9966
5872
6963
2213
614
712
3505
1219
430
6371
6237
8332
5436
2309
3142
563
4117
4301
8914
8975
3481
2639
3239
4027
5059
65
1098
9724
3613
3761
1132
156
5787
5065
4580
6236
2371
4651
4424
7314
9377
