4567
8876
7208
693
6402
2287
8117
5931
8169
8406
2298
9965
4823
8803
2990
7326
8206
3725
3140
9790
8201
986
1344
3741
6205
6083
3902
1399
7881
4989
6612
2896
4390
1513
5027
1388
8367
4282
1446
3783
5270
3060
1726
5810
3157
806
8074
9543
5825
4688
7806
3229
7028
637
8154
1598
3354
5137
2510
1019
8153
3221
8156
770
6543
2847
7797
6849
5060
9494
3873
2660
9100
3334
1588
6548
4786
6847
1372
584
9228
2982
4820
3781
8127
3579
5104
9650
3208
346
8119
9962
5488
1009
4859
3000
1315
7150
5590
5068
7254
9518
8353
3344
5352
7324
1788
6337
6639
2950
7449
5690
7762
2570
7903
4451
327
4761
2516
1228
5715
8099
206
4860
383
520
2321
6216
6887
7808
2420
3031
4485
828
4654
4160
3146
5364
6382
929
7528
2168
8323
9185
5952
1424
8668
6455
5736
9787
780
6058
7681
215
509
6746
6589
5245
5613
9143
1184
6073
8191
9569
5211
4260
7330
7720
4268
5580
3533
3696
3048
2240
1743
6385
9842
7767
6299
2569
8578
7227
7292
5713
9122
5121
5511
5774
8768
1216
6645
1568
3401
3471
4159
7369
6236
1999
9149
5372
194
3054
7335
2075
1029
3268
8039
1188
5029
2067
7163
5259
9490
8217
1099
573
5012
8673
7957
6941
7067
5998
1066
7384
2679
8069
3027
5146
1945
1401
4016
6004
602
8878
9901
6832
1471
1371
2949
7908
7536
9421
1713
2248
9380
5321
1752
1296
3673
1297
3517
7902
2826
9802
1812
6279
8763
4903
7399
9595
6555
205
4781
3832
9182
2258
9526
8375
4537
4492
9629
6691
8842
5725
7882
6789
5411
9829
1608
6708
6306
4213
4731
3646
8114
8949
8822
3074
8502
5414
2523
4369
4415
3342
4176
258
6510
9950
4030
9287
9473
1759
7173
8670
3136
2137
9020
4187
2326
5651
8159
9744
5258
9206
7096
3315
4315
928
2297
7114
7232
4174
2222
3446
5603
3640
8735
1559
1535
2573
8444
8317
583
2735
8992
4367
8870
5071
8334
5640
3786
2379
9242
4408
6577
6607
9057
161
2032
4739
6962
5441
1827
8931
1458
2157
4464
7867
7452
9074
9049
7394
5550
3480
5577
8632
6141
8863
968
6515
1899
6314
2601
3595
4884
1642
166
3040
1094
1319
8987
8439
220
1368
5048
9134
1628
879
5898
7095
2438
2891
9532
9485
112
6863
5274
8103
8874
1570
3558
2688
9173
9546
393
