5515
8326
9180
2804
9301
2137
743
1032
3758
4092
1428
1473
9533
6158
4382
113
9641
2088
2585
3579
8163
5898
8056
5389
1668
8555
7461
4415
7819
4890
4615
1220
868
6697
7418
6907
4272
3462
7974
7090
7434
5697
3451
9987
3263
2762
4830
1552
1919
8752
7997
7872
986
4107
8188
3403
7295
5014
3943
4079
3854
8427
5833
1678
388
6234
719
8736
5366
6295
261
9553
8719
4667
1395
8483
221
3444
40
8128
3922
1549
4828
3464
1065
8607
9905
5526
3119
4634
1433
2111
8647
398
886
528
9970
2149
9523
574
5705
2222
626
1329
8987
2629
7922
806
9956
665
1516
7041
7495
5901
1060
3485
9675
7300
401
1388
1671
9543
9920
7990
5720
7681
5803
577
8575
9719
5554
15
7445
7529
2920
3704
6171
829
1127
6582
3863
3265
2968
4567
1647
2607
4046
6314
9317
7760
7317
2231
6216
499
9252
346
4822
1614
37
8444
3112
2261
2522
1016
2911
1059
8807
2752
7570
8939
3647
6913
7879
8367
6465
8279
6360
2990
6962
3733
6972
6439
8716
383
9879
243
440
5519
6291
4411
9430
8897
9532
9352
1724
5227
286
3003
634
8644
8721
6341
9635
9378
583
4386
5998
4464
2858
4948
1432
7372
731
7861
5084
596
2614
4389
8289
5737
4831
3549
8348
7501
5738
7476
904
2619
5410
2944
5689
5551
8469
7068
984
8429
157
7720
2291
6202
1972
5030
5667
7800
1371
4968
1698
3299
1272
8938
1087
8062
7446
5154
3793
1738
1179
3626
213
4437
9894
1500
4064
6441
7329
1966
4787
724
8975
4603
5698
3499
443
2069
6991
5293
9483
732
5186
4950
2870
5072
4980
9833
3173
2563
6738
976
3111
1454
8282
5349
7388
5918
1391
7612
7480
6437
8804
7140
9546
9737
8680
9934
2679
4384
835
8162
7980
3305
264
6880
4710
1570
239
2664
421
8421
1250
6716
930
4190
7284
9268
9395
8020
7128
6473
6944
4884
4239
888
8235
2610
6178
6300
5332
1733
3915
6515
614
6179
5507
2899
5237
2353
52
619
664
7236
413
8576
8189
7864
4720
1029
6107
7313
1588
7748
1268
8318
6092
6324
3229
710
3315
2452
2157
3161
3136
8825
5015
5826
4441
2206
1078
4194
9858
4388
2052
8113
8024
9564
5608
2014
7535
8050
9815
6142
1086
9167
1962
2530
8651
2323
8389
2568
6938
2061
