6853
2160
7646
7314
7740
5346
4156
9988
6601
6450
8370
901
2172
8425
4995
2616
8503
9852
7866
4848
7507
8159
4809
4892
8273
3903
4234
9640
6134
6254
8741
6599
3306
9929
2212
6656
166
2388
7233
968
8537
9495
4609
8729
4707
7962
7184
7342
8639
5893
4476
1056
1083
1162
886
6324
7762
8563
7835
4802
4641
31
5548
591
8176
5710
9938
6648
556
9433
4301
925
883
4622
7141
7541
6341
9239
1740
9300
6991
5713
9168
4982
8147
3280
3553
6757
3042
4573
377
6871
3216
1149
5663
4239
424
4051
9786
3788
5649
3152
1466
9386
951
7722
3685
5620
3741
5789
3214
9002
438
4550
7032
9069
8922
889
7279
6958
4256
2403
4577
3587
7387
9576
2860
9772
8821
8452
8287
4918
7881
9130
9545
2578
4455
7516
5887
1034
257
9730
1889
7427
8496
313
6524
5252
2465
4657
3317
1416
1571
3585
4366
3842
4686
9499
6938
1217
4812
8679
5552
1600
1295
440
1777
7754
7245
4283
2496
2398
516
2446
9297
5077
2645
1229
7074
4412
7613
1609
2206
3050
4111
5149
5561
7136
3598
6850
3095
4936
1152
3829
7035
323
8158
7533
4308
9958
3673
5422
3421
1813
3835
2311
8463
2405
3559
1025
6241
2385
3096
3492
833
4521
2552
4152
1239
3746
3084
260
1659
589
2392
5341
8530
3182
7864
3083
7735
1537
4646
430
6572
87
7231
1708
8993
5383
3204
1410
2308
7573
8061
9873
3803
268
752
4714
1804
1616
8779
7744
8953
2763
1608
3344
2214
4833
3457
2517
6768
7094
7146
7711
855
7044
3335
1582
2267
6527
4029
71
5104
2530
3668
2632
2828
9469
453
7402
8928
6859
5363
2975
2600
5224
1980
5493
2899
4385
6390
2486
1237
2547
3541
8127
9050
6975
8332
9414
5660
6893
2447
1047
5012
8479
3751
9738
898
1519
8465
8483
7581
9329
3257
9693
8820
4881
6236
6422
1269
317
6910
8991
982
565
9039
2401
4080
2550
2615
9135
5151
2658
2168
4664
7088
571
2127
9526
6350
5752
7999
3156
7945
1406
7905
147
4488
7855
5976
7719
1455
8827
6657
7758
796
7668
276
5650
6740
61
6314
6723
1897
8923
3985
5343
2264
8150
1003
1497
8451
6337
3184
137
6409
488
5123
2605
7625
2776
3474
8578
9416
3781
2454
1810
7371
1246
1446
3688
4365
676
5328
6848
2163
1205
7187
